Reacoes de apoio [N]
[[3900.00115708]
 [2900.99861689]
 [1612.99846264]]

Deslocamentos [m]
[[ 0.        ]
 [ 0.        ]
 [ 0.00095125]
 [-0.00408219]
 [ 0.00034062]
 [-0.00441488]
 [ 0.00024591]
 [-0.00420295]
 [ 0.00052885]
 [-0.0043907 ]
 [-0.00030701]
 [-0.00402165]
 [ 0.00110252]
 [ 0.        ]]

Deformacoes []
[[-0.00605471]
 [-0.00425395]
 [-0.00357541]
 [-0.00334053]
 [-0.00071539]
 [ 0.00071539]
 [ 0.00180951]
 [-0.00180951]
 [ 0.00177404]
 [ 0.00098039]
 [ 0.00298786]]

Forcas internas [N]
[[-6484.59426922]
 [-4555.98575963]
 [-3829.2634085 ]
 [-3577.7054517 ]
 [ -766.17846066]
 [  766.17802426]
 [ 1937.98302976]
 [-1937.98384645]
 [ 1899.99607671]
 [ 1049.99727366]
 [ 3199.99692528]]

Tensoes internas [Pa]
[[-1.23516081e+09]
 [-8.67806811e+08]
 [-7.29383506e+08]
 [-6.81467705e+08]
 [-1.45938754e+08]
 [ 1.45938671e+08]
 [ 3.69139625e+08]
 [-3.69139780e+08]
 [ 3.61904015e+08]
 [ 1.99999481e+08]
 [ 6.09523224e+08]]